ks = list(range(100, 901, 100)) + list(range(1000, 10001, 1000))

# without features a lot data
hrs10 = [18, 31, 30, 25, 26, 26, 23, 29, 30, 28, 30, 33, 32, 33, 34, 33, 32, 30, 29]
hrs20 = [33, 42, 47, 41, 38, 46, 48, 52, 49, 51, 60, 52, 54, 51, 51, 51, 51, 55, 52]

# without features few data
hrs10 = [17, 22, 23, 28, 21, 25, 27, 30, 34, 31, 36, 35, 29, 24, 20, 19, 19, 19, 19]
hrs20 = [27, 29, 35, 47, 47, 45, 44, 55, 56, 54, 48, 42, 45, 43, 41, 34, 33, 31, 29]

# with features few data
hrs10 = [4, 18, 24, 22, 23, 23, 23, 24, 23, 22, 20, 25, 18, 19, 18, 17, 18, 19, 23]
hrs20 = [7, 18, 27, 31, 32, 33, 35, 39, 38, 35, 36, 39, 39, 37, 30, 31, 28, 31, 32]
